           #eigvals:    25.655     5.361     3.286     2.970     2.570     2.473     2.437     2.383     2.376     2.341 
SRR1346376:SRR1346376    -0.0289     -0.0085      0.0196      0.0292      0.0113      0.0007     -0.0021     -0.0013     -0.0013     -0.0059              ???
SRR1348573:SRR1348573    -0.0401     -0.0008      0.0156      0.0125      0.0048      0.0033      0.0008     -0.0025     -0.0000     -0.0014              ???
SRR1355237:SRR1355237    -0.0424     -0.0060      0.0246      0.0248      0.0042     -0.0004      0.0007     -0.0035      0.0010     -0.0033              ???
SRR1365129:SRR1365129     0.0097      0.0128     -0.0008      0.0083      0.0047     -0.0043      0.0066     -0.0019      0.0000      0.0084              ???
SRR1365144:SRR1365144    -0.0383     -0.0073      0.0312      0.0333      0.0091      0.0018     -0.0035     -0.0019      0.0021     -0.0017              ???
SRR1425124:SRR1425124    -0.0535     -0.0057      0.0322      0.0298      0.0062      0.0014     -0.0029     -0.0013      0.0012      0.0001              ???
SRR1525582:SRR1525582    -0.0366     -0.0053      0.0271      0.0299      0.0098      0.0055     -0.0018     -0.0024     -0.0020     -0.0002              ???
SRR1525583:SRR1525583    -0.0523     -0.0034      0.0307      0.0279      0.0048      0.0012     -0.0015     -0.0007      0.0010      0.0017              ???
SRR1525686:SRR1525686    -0.0412     -0.0034      0.0173      0.0165      0.0051      0.0034     -0.0002     -0.0024      0.0015     -0.0017              ???
SRR1525687:SRR1525687    -0.0476     -0.0045      0.0295      0.0268      0.0079      0.0032     -0.0007     -0.0019     -0.0004     -0.0019              ???
SRR1525688:SRR1525688    -0.0438     -0.0040      0.0276      0.0253      0.0062      0.0043     -0.0015     -0.0031     -0.0010      0.0003              ???
SRR1343160:SRR1343160    -0.0522     -0.0033      0.0308      0.0280      0.0048      0.0011     -0.0015     -0.0007      0.0011      0.0018              ???
SRR1346382:SRR1346382    -0.0486     -0.0049      0.0328      0.0314      0.0083      0.0042     -0.0017     -0.0034     -0.0002     -0.0010              ???
SRR1346383:SRR1346383    -0.0507     -0.0013      0.0180      0.0136      0.0017      0.0004     -0.0009      0.0004      0.0001      0.0013              ???
SRR1346385:SRR1346385    -0.0530     -0.0046      0.0290      0.0260      0.0044      0.0013     -0.0019      0.0001      0.0006     -0.0003              ???
SRR1346387:SRR1346387    -0.0521     -0.0034      0.0256      0.0230      0.0034      0.0015     -0.0023     -0.0002      0.0009      0.0010              ???
SRR1365124:SRR1365124    -0.0518     -0.0029      0.0254      0.0219      0.0031      0.0011     -0.0005      0.0009      0.0008     -0.0001              ???
SRR1365126:SRR1365126    -0.0502     -0.0041      0.0311      0.0280      0.0066      0.0022     -0.0022     -0.0009     -0.0000      0.0004              ???
SRR1365128:SRR1365128    -0.0496     -0.0062      0.0329      0.0322      0.0078      0.0055     -0.0044     -0.0018      0.0010     -0.0001              ???
SRR1365131:SRR1365131    -0.0532     -0.0041      0.0321      0.0284      0.0053      0.0019     -0.0022     -0.0005      0.0010      0.0000              ???
SRR1365137:SRR1365137    -0.0500     -0.0044      0.0338      0.0320      0.0084      0.0034     -0.0024     -0.0027     -0.0002     -0.0007              ???
SRR1343172:SRR1343172    -0.0484     -0.0034      0.0258      0.0259      0.0068      0.0024     -0.0015     -0.0034      0.0003     -0.0013              ???
SRR1355239:SRR1355239    -0.0450     -0.0032      0.0266      0.0256      0.0079      0.0026     -0.0016     -0.0024     -0.0001     -0.0007              ???
SRR1365103:SRR1365103    -0.0423     -0.0062      0.0247      0.0255      0.0071      0.0064     -0.0044     -0.0029      0.0001     -0.0027              ???
SRR1365113:SRR1365113    -0.0468     -0.0038      0.0198      0.0173      0.0065      0.0018     -0.0008     -0.0017      0.0005     -0.0019              ???
SRR1525580:SRR1525580    -0.0484     -0.0029      0.0178      0.0150      0.0021      0.0002      0.0002      0.0002      0.0008      0.0009              ???
SRR1525581:SRR1525581    -0.0519     -0.0041      0.0284      0.0265      0.0051      0.0028     -0.0008     -0.0015     -0.0002     -0.0006              ???
SRR1525600:SRR1525600    -0.0490     -0.0054      0.0319      0.0304      0.0076      0.0030     -0.0017     -0.0026      0.0007     -0.0018              ???
SRR1525613:SRR1525613    -0.0449     -0.0040      0.0282      0.0260      0.0081      0.0028     -0.0010     -0.0033      0.0001     -0.0018              ???
SRR1525614:SRR1525614    -0.0450     -0.0009      0.0216      0.0209      0.0055      0.0025     -0.0005     -0.0016      0.0006      0.0006              ???
SRR3497161:SRR3497161     0.0242     -0.0033     -0.1036     -0.1012     -0.0298     -0.0017      0.0058      0.0031      0.0006      0.0012              ???
SRR3497162:SRR3497162     0.0109     -0.0006     -0.1038     -0.1074     -0.0409     -0.0130      0.0029      0.0085      0.0004      0.0069              ???
SRR3497451:SRR3497451     0.0144     -0.0028     -0.0773     -0.0751     -0.0306     -0.0050      0.0001      0.0113      0.0036     -0.0043              ???
SRR3497462:SRR3497462    -0.0001      0.0016     -0.0599     -0.0666     -0.0286     -0.0023     -0.0016      0.0038     -0.0021     -0.0013              ???
SRR3497464:SRR3497464     0.0239     -0.0052     -0.1192     -0.1042     -0.0353     -0.0072      0.0043     -0.0011      0.0103     -0.0082              ???
SRR3497465:SRR3497465     0.0379     -0.0092     -0.1299     -0.1130     -0.0181     -0.0182      0.0156      0.0005      0.0088     -0.0007              ???
SRR3497466:SRR3497466     0.0120     -0.0028     -0.0979     -0.0914     -0.0361     -0.0116      0.0055      0.0099      0.0003      0.0022              ???
SRR3497467:SRR3497467     0.0157      0.0059     -0.0994     -0.1015     -0.0434     -0.0097     -0.0023      0.0078     -0.0017      0.0019              ???
SRR3497611:SRR3497611     0.0404     -0.0138     -0.1440     -0.1208     -0.0142     -0.0135      0.0097      0.0061      0.0129      0.0071              ???
SRR3497613:SRR3497613     0.0160     -0.0062     -0.0547     -0.0487     -0.0091      0.0032     -0.0015      0.0071     -0.0057      0.0043              ???
SRR1343166:SRR1343166     0.0015     -0.0027     -0.0631     -0.0655     -0.0274     -0.0127      0.0011      0.0083      0.0091      0.0048              ???
SRR1355236:SRR1355236     0.0417     -0.0115     -0.1271     -0.1034     -0.0071     -0.0067      0.0099     -0.0014      0.0034     -0.0001              ???
SRR1365112:SRR1365112     0.0180     -0.0007     -0.1194     -0.1217     -0.0424     -0.0052      0.0100      0.0110      0.0095     -0.0013              ???
SRR1346388:SRR1346388     0.0016     -0.0048     -0.0714     -0.0649     -0.0272     -0.0105      0.0037      0.0123      0.0019      0.0030              ???
SRR1348575:SRR1348575     0.0046     -0.0088     -0.0072      0.0056     -0.0004     -0.0005     -0.0009     -0.0029     -0.0111      0.0023              ???
SRR1425154:SRR1425154     0.0466     -0.0128     -0.0707     -0.0439      0.0001     -0.0051     -0.0099     -0.0059      0.0054     -0.0062              ???
SRR1525596:SRR1525596     0.0593     -0.0159     -0.0741     -0.0335     -0.0131      0.0155     -0.0025      0.0076      0.0200      0.0192              ???
SRR1525599:SRR1525599     0.0296     -0.0029     -0.0306     -0.0054      0.0034      0.0008      0.0026     -0.0127      0.0047     -0.0021              ???
SRR1525603:SRR1525603     0.0631     -0.0206     -0.0760     -0.0413      0.0230     -0.0115     -0.0158     -0.0078     -0.0063     -0.0119              ???
SRR1525604:SRR1525604     0.0766     -0.0194     -0.0648     -0.0372     -0.0046      0.0068     -0.0008     -0.0289      0.0149     -0.0020              ???
SRR1525606:SRR1525606     0.0488     -0.0115     -0.0755     -0.0472      0.0124     -0.0165      0.0034     -0.0076      0.0029     -0.0007              ???
SRR1525617:SRR1525617     0.0510     -0.0157     -0.0614     -0.0370      0.0083     -0.0110     -0.0110     -0.0062      0.0001     -0.0119              ???
SRR1525619:SRR1525619     0.0711     -0.0237     -0.0748     -0.0440      0.0245     -0.0083      0.0190     -0.0060      0.0046     -0.0049              ???
SRR1525621:SRR1525621     0.0312     -0.0063     -0.0483     -0.0341      0.0011     -0.0020      0.0082     -0.0091     -0.0032      0.0018              ???
SRR1525700:SRR1525700     0.0768     -0.0181     -0.0580      0.0032      0.0180     -0.0189      0.0072     -0.0015     -0.0079      0.0170              ???
SRR1525701:SRR1525701    -0.0014     -0.0111     -0.0062     -0.0016      0.0024     -0.0041     -0.0070     -0.0098     -0.0082      0.0067              ???
SRR1525702:SRR1525702    -0.0131     -0.0064     -0.0093     -0.0079     -0.0016      0.0049      0.0020     -0.0013     -0.0040      0.0072              ???
SRR1525703:SRR1525703     0.0090     -0.0078     -0.0360     -0.0288      0.0008     -0.0029      0.0053      0.0015     -0.0049      0.0001              ???
SRR1525705:SRR1525705     0.0079     -0.0002     -0.0556     -0.0546     -0.0106      0.0010      0.0025      0.0000      0.0000     -0.0041              ???
 SRR934415:SRR934415    -0.0069     -0.0085     -0.0117     -0.0032     -0.0004     -0.0012      0.0028      0.0007     -0.0041      0.0007              ???
 SRR934417:SRR934417     0.1878     -0.0843     -0.0777      0.3389     -0.3240      0.0691      0.7114     -0.2297     -0.1043     -0.2871              ???
 SRR934418:SRR934418     0.1843     -0.0612     -0.0928      0.3328     -0.2896      0.0233      0.0909      0.2491      0.3239      0.3447              ???
 SRR934419:SRR934419     0.1336      0.3673      0.0737      0.0243      0.0033     -0.0068     -0.0049     -0.0037     -0.0081      0.0012              ???
 SRR934432:SRR934432     0.1584     -0.0786      0.0045      0.0671      0.3088      0.2794      0.1136      0.1129     -0.2468      0.2821              ???
 SRR934433:SRR934433     0.1614     -0.0748     -0.0318      0.0812      0.3073      0.2415      0.0302      0.0176      0.0072      0.0679              ???
 SRR934435:SRR934435     0.1566     -0.0724     -0.0093      0.0430      0.3254      0.1979      0.0293     -0.0240      0.0256      0.0154              ???
   Xizang11:Xizang11     0.1634     -0.0889     -0.0303      0.0742      0.2776      0.2395      0.0025      0.1267     -0.2085     -0.0498              ???
   Xizang17:Xizang17     0.1805     -0.1106      0.0040      0.1665      0.1037     -0.7028     -0.0590      0.1362     -0.5193      0.0026              ???
   Xizang19:Xizang19     0.1726     -0.0856     -0.0083      0.0959      0.2093     -0.1467     -0.2256     -0.6145      0.2073     -0.3852              ???
   Xizang21:Xizang21     0.1751     -0.0845     -0.0265      0.1455      0.0871     -0.1934     -0.1414     -0.0092      0.4753      0.1163              ???
   Xizang22:Xizang22     0.1768     -0.0856     -0.0235      0.1625      0.0424     -0.2944      0.0134      0.3122      0.2288      0.0067              ???
             MG1:MG1     0.1527     -0.0680     -0.0355      0.0331      0.1118      0.0742     -0.1329      0.0163      0.0361     -0.0412              ???
             MG2:MG2     0.0912     -0.0550      0.0609      0.0196      0.0376      0.0339     -0.0061      0.0149     -0.0135     -0.0246              ???
             MG3:MG3     0.1423     -0.0554     -0.0543      0.0589      0.0927      0.0243      0.0337      0.0003      0.0004     -0.0647              ???
             MG4:MG4     0.1472     -0.0554     -0.0662      0.0358      0.0815     -0.0131     -0.0162     -0.1232     -0.0126      0.0679              ???
             MG5:MG5     0.1887     -0.0906     -0.0950      0.2950     -0.5015      0.2903     -0.6005     -0.0757     -0.2702      0.0033              ???
FDES190465055:FDES190465055    -0.0409      0.0019     -0.0025     -0.0105     -0.0047     -0.0036      0.0024      0.0003     -0.0022     -0.0014              ???
FDES190465056:FDES190465056    -0.0420      0.0013     -0.0022     -0.0083     -0.0044     -0.0041      0.0022      0.0009     -0.0032     -0.0023              ???
FDES190465057:FDES190465057    -0.0389      0.0049     -0.0077     -0.0166     -0.0053     -0.0036      0.0023      0.0019     -0.0027      0.0002              ???
FDES190465058:FDES190465058    -0.0448      0.0016      0.0053      0.0016     -0.0001     -0.0002      0.0003      0.0013      0.0012     -0.0002              ???
FDES190465059:FDES190465059    -0.0425      0.0024      0.0017     -0.0056     -0.0016     -0.0011     -0.0002      0.0021      0.0020     -0.0006              ???
FDES190465060:FDES190465060     0.0848     -0.0304     -0.0583     -0.0071      0.0499      0.0149     -0.0105     -0.0063      0.0146      0.0183              ???
FDES190465061:FDES190465061     0.0156     -0.0174     -0.0054      0.0138      0.0151      0.0011     -0.0067     -0.0132     -0.0039      0.0101              ???
FDES190465062:FDES190465062     0.0048     -0.0123     -0.0051      0.0043      0.0093      0.0012      0.0006      0.0023     -0.0034      0.0032              ???
FDES190465063:FDES190465063     0.0903     -0.0356     -0.0621     -0.0054      0.0193     -0.0003      0.0137     -0.0160     -0.0206      0.0398              ???
FDES190465064:FDES190465064    -0.0382      0.0099      0.0047     -0.0014     -0.0008     -0.0011      0.0017     -0.0006     -0.0003     -0.0005              ???
FDES190465065:FDES190465065    -0.0563     -0.0066      0.0378      0.0359      0.0065      0.0013     -0.0030     -0.0009      0.0014      0.0002              ???
FDES190465066:FDES190465066    -0.0544     -0.0048      0.0289      0.0259      0.0045      0.0015     -0.0016     -0.0008      0.0006      0.0001              ???
FDES190465067:FDES190465067    -0.0568     -0.0067      0.0427      0.0415      0.0079      0.0014     -0.0035     -0.0011      0.0023      0.0005              ???
FDES190465068:FDES190465068    -0.0569     -0.0070      0.0434      0.0419      0.0079      0.0013     -0.0035     -0.0006      0.0019      0.0004              ???
FDES190465069:FDES190465069    -0.0563     -0.0066      0.0386      0.0371      0.0070      0.0014     -0.0031     -0.0008      0.0012      0.0003              ???
FDES190465070:FDES190465070    -0.0561     -0.0064      0.0395      0.0375      0.0071      0.0014     -0.0035     -0.0006      0.0015      0.0001              ???
FDES190465071:FDES190465071    -0.0565     -0.0064      0.0404      0.0385      0.0075      0.0017     -0.0034     -0.0012      0.0015     -0.0001              ???
FDES190465072:FDES190465072    -0.0561     -0.0065      0.0394      0.0378      0.0075      0.0017     -0.0035     -0.0011      0.0016      0.0004              ???
FDES190465073:FDES190465073    -0.0549     -0.0051      0.0338      0.0310      0.0059      0.0018     -0.0026     -0.0011      0.0011      0.0002              ???
FDES190465074:FDES190465074    -0.0560     -0.0068      0.0400      0.0389      0.0073      0.0012     -0.0034     -0.0010      0.0013      0.0002              ???
FDES190465075:FDES190465075    -0.0546     -0.0045      0.0303      0.0266      0.0046      0.0014     -0.0018     -0.0003      0.0010     -0.0002              ???
FDES190465076:FDES190465076    -0.0543     -0.0049      0.0310      0.0280      0.0047      0.0012     -0.0018     -0.0007      0.0010      0.0001              ???
FDES190465077:FDES190465077    -0.0568     -0.0070      0.0447      0.0432      0.0076      0.0017     -0.0040     -0.0008      0.0017      0.0006              ???
FDES190465078:FDES190465078    -0.0566     -0.0069      0.0424      0.0409      0.0073      0.0016     -0.0034     -0.0008      0.0019      0.0006              ???
FDES190465079:FDES190465079    -0.0568     -0.0066      0.0439      0.0427      0.0079      0.0016     -0.0037     -0.0006      0.0020      0.0007              ???
FDES190465080:FDES190465080    -0.0543     -0.0051      0.0280      0.0254      0.0046      0.0008     -0.0015     -0.0005      0.0005     -0.0001              ???
FDES190465081:FDES190465081    -0.0564     -0.0068      0.0410      0.0392      0.0074      0.0013     -0.0032     -0.0008      0.0017      0.0003              ???
FDES190465082:FDES190465082    -0.0563     -0.0065      0.0407      0.0391      0.0078      0.0016     -0.0033     -0.0005      0.0011      0.0002              ???
FDES190465083:FDES190465083    -0.0562     -0.0063      0.0399      0.0378      0.0075      0.0016     -0.0032     -0.0009      0.0015      0.0002              ???
FDES190465084:FDES190465084    -0.0563     -0.0065      0.0403      0.0384      0.0073      0.0016     -0.0035     -0.0008      0.0015      0.0003              ???
SRR2016567:SRR2016567    -0.0565     -0.0065      0.0425      0.0407      0.0073      0.0012     -0.0035     -0.0012      0.0017      0.0008              ???
SRR2016570:SRR2016570    -0.0560     -0.0066      0.0388      0.0367      0.0073      0.0010     -0.0033     -0.0010      0.0016      0.0004              ???
SRR2016573:SRR2016573    -0.0562     -0.0066      0.0386      0.0368      0.0070      0.0012     -0.0033     -0.0010      0.0012      0.0006              ???
SRR2016574:SRR2016574    -0.0570     -0.0072      0.0440      0.0428      0.0080      0.0013     -0.0037     -0.0014      0.0020      0.0006              ???
SRR2016575:SRR2016575    -0.0567     -0.0071      0.0443      0.0429      0.0076      0.0018     -0.0039     -0.0012      0.0019      0.0005              ???
SRR2016576:SRR2016576    -0.0541     -0.0043      0.0293      0.0254      0.0048      0.0018     -0.0016     -0.0005      0.0006      0.0002              ???
SRR2016577:SRR2016577    -0.0567     -0.0069      0.0425      0.0414      0.0078      0.0021     -0.0035     -0.0008      0.0018      0.0007              ???
SRR2016578:SRR2016578    -0.0561     -0.0065      0.0413      0.0395      0.0074      0.0017     -0.0039     -0.0009      0.0018      0.0004              ???
SRR2016579:SRR2016579    -0.0562     -0.0067      0.0404      0.0392      0.0072      0.0016     -0.0038     -0.0010      0.0019      0.0004              ???
SRR2016580:SRR2016580    -0.0561     -0.0062      0.0425      0.0414      0.0074      0.0018     -0.0039     -0.0012      0.0016      0.0008              ???
SRR2016582:SRR2016582    -0.0529     -0.0037      0.0234      0.0203      0.0037      0.0007     -0.0013     -0.0002      0.0004      0.0003              ???
SRR2016583:SRR2016583    -0.0527     -0.0041      0.0234      0.0206      0.0033      0.0008     -0.0016     -0.0005      0.0004      0.0004              ???
SRR2016584:SRR2016584    -0.0549     -0.0060      0.0337      0.0317      0.0056      0.0013     -0.0028     -0.0007      0.0011      0.0001              ???
SRR2016585:SRR2016585    -0.0532     -0.0042      0.0234      0.0199      0.0032      0.0009     -0.0016     -0.0003      0.0005      0.0002              ???
SRR2016586:SRR2016586    -0.0524     -0.0033      0.0221      0.0195      0.0034      0.0014     -0.0013     -0.0006      0.0004      0.0005              ???
SRR2016587:SRR2016587    -0.0529     -0.0034      0.0242      0.0209      0.0036      0.0008     -0.0015     -0.0004      0.0007      0.0004              ???
SRR2016588:SRR2016588    -0.0559     -0.0067      0.0398      0.0383      0.0072      0.0015     -0.0036     -0.0007      0.0020      0.0001              ???
SRR2016589:SRR2016589    -0.0563     -0.0068      0.0401      0.0388      0.0071      0.0015     -0.0033     -0.0007      0.0017      0.0006              ???
SRR2016590:SRR2016590    -0.0540     -0.0041      0.0296      0.0267      0.0050      0.0011     -0.0020     -0.0007      0.0010      0.0001              ???
SRR2016591:SRR2016591    -0.0548     -0.0052      0.0302      0.0267      0.0045      0.0017     -0.0020     -0.0008      0.0011     -0.0002              ???
SRR2016592:SRR2016592    -0.0548     -0.0052      0.0303      0.0276      0.0050      0.0015     -0.0021     -0.0012      0.0006     -0.0002              ???
SRR2016593:SRR2016593    -0.0562     -0.0065      0.0411      0.0396      0.0076      0.0015     -0.0039     -0.0008      0.0016      0.0007              ???
SRR2016594:SRR2016594    -0.0564     -0.0069      0.0429      0.0418      0.0075      0.0018     -0.0039     -0.0011      0.0016      0.0005              ???
SRR2016595:SRR2016595    -0.0565     -0.0069      0.0429      0.0418      0.0079      0.0017     -0.0039     -0.0006      0.0017      0.0004              ???
SRR2016596:SRR2016596    -0.0553     -0.0054      0.0341      0.0310      0.0056      0.0016     -0.0022     -0.0006      0.0011      0.0000              ???
SRR2016597:SRR2016597    -0.0548     -0.0052      0.0306      0.0272      0.0047      0.0017     -0.0021     -0.0012      0.0010      0.0001              ???
SRR2016598:SRR2016598    -0.0546     -0.0051      0.0309      0.0272      0.0049      0.0012     -0.0020     -0.0008      0.0007      0.0001              ???
SRR2016599:SRR2016599    -0.0545     -0.0052      0.0336      0.0304      0.0055      0.0014     -0.0023     -0.0002      0.0014     -0.0005              ???
SRR2016600:SRR2016600    -0.0554     -0.0058      0.0356      0.0328      0.0061      0.0012     -0.0024     -0.0010      0.0009      0.0000              ???
SRR2016601:SRR2016601     0.0081      0.0060     -0.1132     -0.1098     -0.0503     -0.0075      0.0138      0.0036      0.0088     -0.0011              ???
           NY_1:NY_1     0.0087      0.0027     -0.0673     -0.0631     -0.0247     -0.0040      0.0018      0.0063     -0.0103      0.0018              ???
           NY_2:NY_2     0.0039      0.0032     -0.0546     -0.0462     -0.0086     -0.0019      0.0057      0.0064     -0.0041     -0.0056              ???
           NY_3:NY_3     0.0050      0.0032     -0.0605     -0.0571     -0.0230     -0.0048      0.0004     -0.0000     -0.0033     -0.0004              ???
           NY_4:NY_4     0.0072      0.0038     -0.0526     -0.0545     -0.0180     -0.0048      0.0084      0.0003     -0.0129     -0.0005              ???
           NY_5:NY_5    -0.0004      0.0003     -0.0423     -0.0398     -0.0115      0.0046     -0.0021      0.0024      0.0042     -0.0020              ???
               35:35     0.0101      0.0058     -0.0611     -0.0590     -0.0170     -0.0043      0.0106      0.0074     -0.0053     -0.0032              ???
               36:36     0.0048      0.0048     -0.0629     -0.0568     -0.0160     -0.0025      0.0117     -0.0068     -0.0015     -0.0025              ???
               38:38     0.0115      0.0007     -0.0652     -0.0649     -0.0161     -0.0063     -0.0008      0.0049     -0.0011     -0.0001              ???
               42:42     0.0053      0.0018     -0.0572     -0.0582     -0.0141     -0.0064      0.0058     -0.0023     -0.0042     -0.0053              ???
               43:43     0.0073      0.0045     -0.0588     -0.0601     -0.0140     -0.0006      0.0072      0.0008     -0.0035     -0.0058              ???
               52:52     0.0086     -0.0002     -0.0695     -0.0635     -0.0209     -0.0061      0.0025      0.0074     -0.0099     -0.0070              ???
               53:53     0.0074      0.0036     -0.0661     -0.0554     -0.0255     -0.0006      0.0075      0.0066     -0.0025     -0.0065              ???
               54:54     0.0068      0.0016     -0.0586     -0.0558     -0.0205     -0.0105      0.0154      0.0013      0.0020      0.0101              ???
               55:55     0.0031      0.0081     -0.0564     -0.0511     -0.0133      0.0004      0.0037     -0.0008     -0.0003     -0.0030              ???
               60:60     0.0078      0.0027     -0.0606     -0.0483     -0.0165     -0.0076      0.0115      0.0102     -0.0125      0.0020              ???
               61:61     0.0106      0.0041     -0.0622     -0.0649     -0.0159      0.0034      0.0021      0.0024      0.0009     -0.0070              ???
               64:64     0.0125      0.0038     -0.0690     -0.0683     -0.0224     -0.0131      0.0033      0.0113     -0.0030      0.0035              ???
               65:65     0.0084      0.0073     -0.0574     -0.0555     -0.0129     -0.0087      0.0035      0.0045     -0.0092     -0.0062              ???
               66:66     0.0151      0.0027     -0.0736     -0.0575     -0.0177     -0.0043      0.0086      0.0037     -0.0047     -0.0014              ???
               67:67    -0.0239     -0.0019     -0.0096     -0.0057      0.0030     -0.0006      0.0001     -0.0027     -0.0028     -0.0024              ???
               68:68     0.0081      0.0060     -0.1133     -0.1100     -0.0503     -0.0074      0.0138      0.0038      0.0088     -0.0009              ???
               69:69     0.0072      0.0036     -0.0608     -0.0541     -0.0231     -0.0011      0.0094     -0.0001     -0.0045     -0.0012              ???
               70:70     0.0244      0.0164     -0.0526     -0.0421     -0.0155     -0.0113      0.0002     -0.0049     -0.0023     -0.0076              ???
               71:71     0.0054      0.0040     -0.0649     -0.0621     -0.0196     -0.0081      0.0034     -0.0020     -0.0056      0.0022              ???
               72:72     0.0161      0.0011     -0.0668     -0.0697     -0.0257     -0.0007      0.0054      0.0108     -0.0006      0.0093              ???
               73:73     0.0115      0.0043     -0.0520     -0.0544     -0.0104     -0.0076      0.0013      0.0033      0.0008     -0.0059              ???
               74:74     0.0065      0.0057     -0.0574     -0.0456     -0.0130     -0.0013      0.0055      0.0034     -0.0045     -0.0061              ???
               75:75     0.0116      0.0047     -0.0539     -0.0499     -0.0207     -0.0036      0.0077     -0.0002      0.0044     -0.0080              ???
               76:76     0.0163      0.0061     -0.0630     -0.0549     -0.0158     -0.0001      0.0076      0.0011     -0.0054      0.0005              ???
               77:77     0.1184      0.3607      0.0649      0.0243      0.0087     -0.0070     -0.0012      0.0036     -0.0080      0.0009              ???
               82:82     0.1103      0.3419      0.0615      0.0236      0.0074      0.0011      0.0011     -0.0007     -0.0073     -0.0050              ???
               84:84     0.1083      0.3156      0.0475      0.0185      0.0008     -0.0036     -0.0021     -0.0054     -0.0093     -0.0057              ???
               86:86    -0.0562     -0.0068      0.0431      0.0413      0.0080      0.0020     -0.0040     -0.0015      0.0026      0.0010              ???
               87:87    -0.0568     -0.0075      0.0473      0.0463      0.0089      0.0023     -0.0046     -0.0015      0.0031      0.0008              ???
               88:88    -0.0560     -0.0070      0.0439      0.0424      0.0078      0.0019     -0.0040     -0.0012      0.0026      0.0014              ???
           HN12:HN12    -0.0564     -0.0071      0.0467      0.0448      0.0088      0.0024     -0.0042     -0.0019      0.0030      0.0007              ???
             HN5:HN5    -0.0568     -0.0074      0.0479      0.0470      0.0090      0.0024     -0.0046     -0.0013      0.0034      0.0008              ???
           LZ15:LZ15    -0.0567     -0.0075      0.0476      0.0466      0.0090      0.0021     -0.0046     -0.0014      0.0030      0.0011              ???
         JXGF1:JXGF1    -0.0567     -0.0075      0.0480      0.0472      0.0090      0.0021     -0.0046     -0.0013      0.0033      0.0012              ???
         JXGF2:JXGF2    -0.0565     -0.0071      0.0457      0.0449      0.0084      0.0019     -0.0041     -0.0016      0.0031      0.0011              ???
         JXGF3:JXGF3    -0.0564     -0.0070      0.0455      0.0446      0.0084      0.0020     -0.0042     -0.0013      0.0034      0.0011              ???
         JXGF4:JXGF4    -0.0563     -0.0071      0.0462      0.0446      0.0086      0.0025     -0.0045     -0.0016      0.0029      0.0007              ???
         JXJA1:JXJA1    -0.0463     -0.0010     -0.0269     -0.0348     -0.0098     -0.0044      0.0049      0.0017     -0.0019      0.0002              ???
         JXJA2:JXJA2    -0.0462     -0.0008     -0.0268     -0.0356     -0.0104     -0.0032      0.0053      0.0017     -0.0025      0.0005              ???
         JXJA3:JXJA3    -0.0463     -0.0007     -0.0273     -0.0366     -0.0113     -0.0029      0.0036      0.0023     -0.0021      0.0003              ???
         JXJA4:JXJA4    -0.0463     -0.0002     -0.0260     -0.0348     -0.0112     -0.0032      0.0050      0.0017     -0.0022      0.0014              ???
             WN4:WN4    -0.0468     -0.0006     -0.0271     -0.0359     -0.0112     -0.0032      0.0042      0.0030     -0.0020     -0.0002              ???
             WN8:WN8    -0.0464     -0.0006     -0.0283     -0.0361     -0.0115     -0.0034      0.0043      0.0021     -0.0014     -0.0001              ???
             WN9:WN9    -0.0462     -0.0010     -0.0247     -0.0334     -0.0107     -0.0024      0.0045      0.0023     -0.0010     -0.0002              ???
           WN10:WN10     0.1337      0.3743      0.0783      0.0248      0.0069     -0.0092     -0.0076     -0.0016     -0.0102     -0.0011              ???
           WN11:WN11     0.1303      0.3652      0.0708      0.0268      0.0023     -0.0005     -0.0106     -0.0043     -0.0057      0.0052              ???
         JXJJ1:JXJJ1     0.1707     -0.1017      0.2579     -0.1543     -0.0705      0.0872      0.0257      0.0248      0.2090     -0.1262              ???
         JXJJ2:JXJJ2     0.1749     -0.1311      0.3468     -0.2397     -0.1178     -0.0468      0.0812     -0.3291     -0.1095      0.4132              ???
         JXJJ3:JXJJ3     0.1836     -0.1280      0.3478     -0.2237     -0.1466     -0.0390      0.0389     -0.1584     -0.1078      0.1939              ???
         JXJJ4:JXJJ4     0.1817     -0.1192      0.3055     -0.1844     -0.0837     -0.0411     -0.0030      0.1639      0.1916     -0.0204              ???
         Sha3b:Sha3b     0.1714     -0.1112      0.2885     -0.1760     -0.0893      0.1128     -0.0529      0.4189     -0.0731     -0.5565              ???
         Thar1:Thar1    -0.0377      0.0039     -0.0316     -0.0417     -0.0122     -0.0015      0.0070      0.0025     -0.0035     -0.0018              ???
         Har03:Har03    -0.0383      0.0026     -0.0429     -0.0582     -0.0155     -0.0030      0.0074      0.0061     -0.0054     -0.0005              ???
SRR2016762:SRR2016762    -0.0373      0.0063     -0.0338     -0.0456     -0.0140     -0.0035      0.0060      0.0041     -0.0043     -0.0006              ???
SRR2016752:SRR2016752    -0.0376      0.0033     -0.0459     -0.0627     -0.0179     -0.0032      0.0079      0.0051     -0.0053      0.0014              ???
SRR2016754:SRR2016754    -0.0367      0.0055     -0.0528     -0.0739     -0.0230     -0.0056      0.0093      0.0073     -0.0101     -0.0015              ???
zebu_ypr115:zebu_ypr115     0.0929      0.2694      0.0428      0.0162      0.0074      0.0016     -0.0038     -0.0046     -0.0059      0.0024              ???
