  #N    eigenvalue  difference    twstat      p-value effect. n
   1     25.654949          NA    74.063 1.37562e-186    54.299
   2      5.360858  -20.294092    46.519  7.41547e-94   267.162
   3      3.285665   -2.075193    12.257  2.83849e-14   306.599
   4      2.969742   -0.315923     7.162  8.77204e-08   315.286
   5      2.570391   -0.399352    -0.801     0.357366   321.183
   6      2.472679   -0.097711    -2.200     0.779241   323.242
   7      2.436839   -0.035840    -2.181      0.77447   324.736
   8      2.383011   -0.053828    -2.631     0.874086   326.263
   9      2.376378   -0.006633    -1.913     0.700716   327.624
  10      2.341069   -0.035309    -1.900     0.697065   329.315
  11      2.330326   -0.010743    -1.248     0.493478   331.041
  12      2.284724   -0.045603    -1.496      0.57262   333.089
  13      2.273091   -0.011633    -0.849     0.371226   335.059
  14      2.251502   -0.021589    -0.439     0.261162   337.367
  15      2.238987   -0.012515     0.249     0.127092   339.915
  16      2.210220   -0.028768     0.513    0.0924844   342.855
  17      2.208275   -0.001945     1.573    0.0207842   345.988
  18      2.175644   -0.032632     1.795    0.0146001   349.751
  19      2.137791   -0.037853     1.855    0.0132418   353.716
  20      2.117947   -0.019844     2.461    0.0046689   357.799
  21      2.099000   -0.018947     3.134   0.00131398   362.324
  22      2.070224   -0.028776     3.532  0.000590637   367.360
  23      1.929656   -0.140568     0.191     0.135931   372.763
  24      1.904983   -0.024673     0.443     0.100824   376.250
  25      1.817878   -0.087105    -1.475     0.565958   379.954
  26      1.781118   -0.036760    -1.802     0.667829   382.620
  27      1.748652   -0.032465    -2.016     0.730278   385.149
  28      1.739650   -0.009002    -1.406     0.543685   387.602
  29      1.721626   -0.018024    -1.092     0.444479   390.448
  30      1.691945   -0.029681    -1.207     0.480344   393.532
  31      1.674028   -0.017917    -0.896      0.38488   396.605
  32      1.642669   -0.031359    -1.098     0.446289   399.925
  33      1.624720   -0.017949    -0.802     0.357686   403.182
  34      1.597172   -0.027548    -0.884     0.381487   406.688
  35      1.584054   -0.013118    -0.397     0.251222   410.208
  36      1.551725   -0.032328    -0.686     0.325233   414.119
  37      1.533742   -0.017984    -0.409      0.25414   417.912
  38      1.474934   -0.058808    -1.894     0.695335   421.971
  39      1.465895   -0.009039    -1.336     0.521386   425.095
  40      1.451734   -0.014161    -0.972     0.407796   428.657
  41      1.437411   -0.014323    -0.599     0.301838   432.543
  42      1.413120   -0.024291    -0.671     0.321065   436.775
  43      1.338887   -0.074233    -3.125     0.944486   441.040
  44      1.322815   -0.016072    -3.017     0.932473   443.626
  45      1.255185   -0.067630    -5.417     0.999952   446.330
  46      1.225960   -0.029225    -6.113     0.999999   447.462
  47      1.197819   -0.028141    -6.808            1   448.163
  48      1.187402   -0.010416    -6.665            1   448.435
  49      1.177186   -0.010217    -6.509            1   448.794
  50      1.152930   -0.024255    -7.067            1   449.250
  51      1.130605   -0.022325    -7.565            1   449.355
  52      1.102950   -0.027655    -8.374            1   449.144
  53      1.089756   -0.013195    -8.476            1   448.432
  54      1.084832   -0.004923    -8.152            1   447.643
  55      1.066617   -0.018216    -8.521            1   447.035
  56      1.051792   -0.014825    -8.733            1   446.188
  57      1.033867   -0.017924    -9.127            1   445.194
  58      1.023711   -0.010156    -9.124            1   443.945
  59      1.018193   -0.005518    -8.873            1   442.675
  60      1.001659   -0.016534    -9.217            1   441.537
  61      0.996142   -0.005517    -8.974            1   440.168
  62      0.987039   -0.009103    -8.921            1   438.924
  63      0.985546   -0.001493    -8.445            1   437.691
  64      0.981682   -0.003864    -8.081            1   436.737
  65      0.969811   -0.011871    -8.156            1   436.001
  66      0.968478   -0.001333    -7.637            1   435.197
  67      0.960809   -0.007669    -7.458            1   434.726
  68      0.952660   -0.008149    -7.302            1   434.364
  69      0.948130   -0.004530    -6.929            1   434.099
  70      0.944743   -0.003387    -6.471            1   434.090
  71      0.941764   -0.002979    -5.965     0.999997   434.414
  72      0.935626   -0.006138    -5.621     0.999981   435.126
  73      0.932963   -0.002663    -5.048     0.999771   436.114
  74      0.923391   -0.009572    -4.868     0.999539   437.585
  75      0.919069   -0.004322    -4.354     0.997307   439.226
  76      0.917808   -0.001261    -3.613     0.979963   441.342
  77      0.911422   -0.006386    -3.150     0.947054   444.172
  78      0.906874   -0.004548    -2.537     0.856195   447.499
  79      0.905456   -0.001418    -1.671     0.627676   451.505
  80      0.900560   -0.004896    -0.969     0.406777   456.514
  81      0.897747   -0.002813    -0.065     0.180124   462.428
  82      0.884061   -0.013686     0.151      0.14224   469.565
  83      0.876218   -0.007843     0.792    0.0645351   477.169
  84      0.874418   -0.001800     1.936    0.0115772   485.825
  85      0.863106   -0.011312     2.476   0.00453837   496.331
  86      0.857383   -0.005723     3.496  0.000636513   507.991
  87      0.843771   -0.013612     3.988  0.000226162   521.669
  88      0.835836   -0.007936     4.984  2.37316e-05   536.699
  89      0.819368   -0.016468     5.354  9.76848e-06   554.117
  90      0.811152   -0.008216     6.466  5.76527e-07   572.995
  91      0.804196   -0.006956     7.832   1.2898e-08   594.992
  92      0.782265   -0.021931     7.928  1.01219e-08   621.109
  93      0.777863   -0.004402     9.726  1.31941e-10   648.846
  94      0.753497   -0.024366     9.688  1.48527e-10   682.783
  95      0.736478   -0.017019    10.335  1.89082e-11   718.662
  96      0.716416   -0.020062    10.645  6.86129e-12   758.690
  97      0.702140   -0.014276    11.603  2.75008e-13   802.288
  98      0.689522   -0.012618    12.864  3.25872e-15   852.143
  99      0.673218   -0.016304    13.779  1.13593e-16   910.424
 100      0.613909   -0.059308     8.507  5.40119e-09   977.073
 101      0.585169   -0.028740     6.473  5.66598e-07  1026.019
 102      0.583035   -0.002134     8.135  1.59896e-08  1069.662
 103      0.552955   -0.030080     5.481  7.16072e-06  1122.747
 104      0.548431   -0.004524     6.577  4.28223e-07  1167.320
 105      0.529232   -0.019199     5.239  1.29002e-05  1219.179
 106      0.504239   -0.024993     2.553   0.00394634  1267.623
 107      0.499565   -0.004674     3.183   0.00119476  1306.152
 108      0.490559   -0.009006     3.040   0.00157815  1349.299
 109      0.452896   -0.037663    -2.785     0.900351  1393.753
 110      0.448609   -0.004287    -2.659     0.879191  1413.571
 111      0.440745   -0.007864    -3.256      0.95684  1434.413
 112      0.434536   -0.006209    -3.582      0.97849  1453.246
 113      0.429720   -0.004815    -3.660     0.982059  1471.114
 114      0.426514   -0.003207    -3.418     0.969034  1489.033
 115      0.418996   -0.007518    -4.081     0.993952  1508.439
 116      0.409069   -0.009927    -5.334      0.99993  1525.230
 117      0.397260   -0.011809    -7.106            1  1536.671
 118      0.395132   -0.002128    -6.888            1  1540.594
 119      0.389070   -0.006062    -7.527            1  1545.322
 120      0.381605   -0.007465    -8.521            1  1547.238
 121      0.377442   -0.004163    -8.842            1  1544.866
 122      0.375552   -0.001891    -8.676            1  1540.933
 123      0.375482   -0.000070    -8.097            1  1537.380
 124      0.374149   -0.001333    -7.772            1  1535.985
 125      0.370563   -0.003586    -7.937            1  1535.765
 126      0.366736   -0.003826    -8.169            1  1534.550
 127      0.357874   -0.008862    -9.559            1  1532.000
 128      0.356234   -0.001640    -9.385            1  1523.024
 129      0.350951   -0.005284   -10.031            1  1514.382
 130      0.349899   -0.001052    -9.748            1  1502.574
 131      0.346000   -0.003899   -10.099            1  1491.516
 132      0.342780   -0.003220   -10.312            1  1478.503
 133      0.339217   -0.003563   -10.612            1  1464.113
 134      0.338129   -0.001088   -10.368            1  1447.978
 135      0.330642   -0.007486   -11.549            1  1432.369
 136      0.329101   -0.001541   -11.444            1  1411.436
 137      0.327021   -0.002081   -11.455            1  1390.415
 138      0.323537   -0.003484   -11.774            1  1368.847
 139      0.322027   -0.001510   -11.670            1  1345.532
 140      0.316834   -0.005194   -12.362            1  1322.122
 141      0.314998   -0.001835   -12.345            1  1295.638
 142      0.313430   -0.001569   -12.270            1  1268.760
 143      0.311902   -0.001528   -12.182            1  1241.703
 144      0.311584   -0.000318   -11.837            1  1214.510
 145      0.309298   -0.002286   -11.891            1  1188.116
 146      0.308724   -0.000574   -11.593            1  1161.053
 147      0.304595   -0.004129   -12.006            1  1134.624
 148      0.304176   -0.000420   -11.682            1  1106.218
 149      0.303617   -0.000559   -11.378            1  1078.536
 150      0.300938   -0.002679   -11.478            1  1051.514
 151      0.298731   -0.002207   -11.487            1  1023.651
 152      0.297597   -0.001134   -11.288            1   995.305
 153      0.295558   -0.002039   -11.253            1   967.237
 154      0.294035   -0.001523   -11.118            1   938.853
 155      0.292321   -0.001714   -11.012            1   910.522
 156      0.291397   -0.000924   -10.758            1   882.140
 157      0.287142   -0.004255   -11.085            1   854.244
 158      0.286038   -0.001103   -10.864            1   824.765
 159      0.284517   -0.001522   -10.707            1   795.676
 160      0.283919   -0.000598   -10.388            1   766.755
 161      0.281323   -0.002596   -10.389            1   738.571
 162      0.278562   -0.002761   -10.410            1   709.995
 163      0.276906   -0.001656   -10.251            1   680.992
 164      0.273855   -0.003050   -10.299            1   652.202
 165      0.271816   -0.002039   -10.188            1   622.957
 166      0.271591   -0.000226    -9.801            1   593.819
 167      0.270331   -0.001260    -9.553            1   565.674
 168      0.267758   -0.002573    -9.478            1   538.066
 169      0.265666   -0.002092    -9.329            1   510.432
 170      0.264481   -0.001185    -9.049            1   483.039
 171      0.262376   -0.002105    -8.877            1   456.311
 172      0.261932   -0.000444    -8.485            1   429.906
 173      0.260680   -0.001252    -8.179            1   404.527
 174      0.258228   -0.002452    -8.000            1   379.891
 175      0.257788   -0.000439    -7.578            1   355.572
 176      0.256296   -0.001492    -7.255            1   332.387
 177      0.255539   -0.000757    -6.837            1   309.989
 178      0.254013   -0.001526    -6.477            1   288.723
 179      0.250057   -0.003956    -6.336            1   268.371
 180      0.248554   -0.001504    -5.942     0.999996   248.074
 181      0.247804   -0.000750    -5.451     0.999959   228.832
 182      0.242900   -0.004903    -5.295     0.999918   211.070
 183      0.240740   -0.002161    -4.880     0.999559   193.314
 184      0.236712   -0.004027    -4.580     0.998708   176.737
 185      0.234504   -0.002208    -4.096     0.994197   160.797
 186      0.233145   -0.001359    -3.481     0.972999   146.468
 187      0.230714   -0.002431    -2.839      0.90862   134.738
 188      0.222360   -0.008354    -2.483     0.845063   126.435
 189      0.206024   -0.016336        NA           NA        NA
 190      0.198473   -0.007551        NA           NA        NA
 191      0.169136   -0.029337        NA           NA        NA
 192      0.163164   -0.005972        NA           NA        NA
 193      0.157995   -0.005169        NA           NA        NA
 194      0.146076   -0.011919        NA           NA        NA
 195      0.138666   -0.007411        NA           NA        NA
 196      0.115636   -0.023030        NA           NA        NA
 197      0.045453   -0.070183        NA           NA        NA
